topology: 2 2 1
in: 0.000000 0.000000
out: 0.000000
in: 0.000000 1.000000
out: 0.000000
in: 1.000000 0.000000
out: 0.000000
in: 1.000000 1.000000
out: 1.000000
